0 0.812630 0.216319 0.082031 0.067361
0 0.732943 0.226389 0.082031 0.067361
0 0.662630 0.233333 0.082031 0.067361
0 0.588151 0.192708 0.082031 0.067361
0 0.510547 0.180208 0.082031 0.067361
0 0.427474 0.177431 0.082031 0.067361
0 0.348047 0.173264 0.082031 0.067361
0 0.271745 0.164931 0.082031 0.067361
0 0.194922 0.178472 0.082031 0.067361
0 0.859245 0.308681 0.082031 0.067361
0 0.784766 0.319097 0.082031 0.067361
0 0.701172 0.330208 0.082031 0.067361
0 0.621484 0.335069 0.082031 0.067361
2 0.355469 0.556771 0.415104 0.481597
